.Random.seed <-
c(403L, 10L, 64551216L, -1543582898L, 1004392889L, -1605907509L, 
-306921350L, 672637308L, -193613377L, -1948873067L, -2052410196L, 
-1920606590L, 1653601885L, -85878441L, 1244464190L, -653621128L, 
-837004453L, -1120088391L, 447283976L, 1387051446L, 1914685169L, 
-1712565981L, -654867598L, -1960465980L, -1933586041L, -1284265123L, 
1262642516L, -2146957446L, -763828539L, 359720991L, 1921978278L, 
-1806143184L, -998282285L, -144985615L, 1984911136L, 1676878270L, 
-1426959927L, 1484686715L, 114701130L, -336907348L, -112420177L, 
-543299483L, -1488746468L, -929429902L, -543663891L, 82450727L, 
600147278L, 1309492648L, -1911848533L, 829012681L, 415673048L, 
246585222L, -1934161311L, 1611224051L, -1603205534L, 1884840148L, 
-738170409L, 94411725L, 18689892L, 457341770L, -1500247371L, 
2143140367L, -1856840938L, 2136372672L, 815244675L, -1101534303L, 
-1128451184L, -1719799698L, -886352359L, 165246635L, 488458906L, 
419640924L, 1163895647L, 1549671733L, 1086229708L, -1564183006L, 
-50149251L, -780062345L, 2055577246L, -515994280L, -175637317L, 
1298776665L, 775186920L, 1001589782L, 799356817L, 24614979L, 
1697341266L, -146758684L, 1997142567L, -445148547L, -636793996L, 
-2046318758L, -1538874971L, 517881279L, -945791418L, 900132048L, 
-55556365L, -1476444143L, 919938624L, -1731163618L, -1647246103L, 
-785666533L, -1978806742L, 514568524L, 1604352783L, 1525345861L, 
-259041284L, 400084562L, 1035457485L, -1317446265L, 495097966L, 
278487112L, 1425527371L, 1314246569L, -354451720L, 640358950L, 
876647233L, 326072531L, -1360380798L, 423262900L, 1134964279L, 
-1226664659L, -1555980732L, 891167594L, -249810987L, -1332250257L, 
429429878L, -1053950048L, -2035226525L, -1740116735L, -950968208L, 
-762713074L, -1314927495L, -33416181L, -1884678854L, -331570116L, 
1507095423L, 1425834197L, 1681601772L, -3649982L, -1785413219L, 
1234809879L, 671705470L, 1437904696L, -488675301L, 1730177401L, 
2074529736L, -236956682L, 164791857L, -1270906781L, 2096005170L, 
606190980L, -496712761L, -1805900131L, -1342894572L, -1635789638L, 
2041594117L, -899489057L, -1170485402L, 224388848L, -1425744365L, 
-375261263L, -130760096L, -1062060034L, 1282027401L, 38774971L, 
-734837622L, -1977018516L, 1361093871L, -623341787L, -1191216676L, 
780838834L, -468898131L, -1541208473L, 1753953678L, 757596776L, 
-126206357L, -2124228599L, -481704296L, -1141538362L, 1483100449L, 
668328371L, -1917657822L, -1467934956L, 1380994967L, 1244991373L, 
-183274844L, 999980170L, -1347013899L, 1766675791L, 877388374L, 
1801322752L, -245664701L, -108374047L, -1980467376L, 1084320174L, 
-1572919463L, 1521397099L, -1350765350L, 127368604L, -1967513185L, 
1901732853L, -1220365684L, -1409280158L, 359999293L, 241557431L, 
-1796420514L, -720674408L, 399615227L, 2092159129L, -712023768L, 
-895731754L, -1624591279L, -2028560637L, -1036872046L, 209253412L, 
-1350763801L, -820408515L, 1807781812L, -1157336038L, 193285989L, 
-1766067713L, -810886010L, -65724400L, -756153677L, 200016209L, 
2066678016L, 2458590L, -787304407L, -1528688280L, -1767273140L, 
-1985591044L, -307731726L, 1225201408L, 1928152692L, 1389586440L, 
-2000963142L, 1574148048L, -845948436L, -1930047596L, -1171918126L, 
-782143904L, -206076596L, 2002244896L, -889105790L, -1356748312L, 
1820657644L, -815434180L, -1599000974L, 794305392L, -475731676L, 
354103864L, -286752358L, -1820423728L, -1141760580L, 504965268L, 
705100930L, -1901017664L, -1925561540L, 1599042704L, -524836062L, 
-1735053816L, 301460748L, 1796478364L, 372366866L, -951645312L, 
-316955884L, 1995510056L, -2115933126L, 2122771408L, -486047124L, 
912702004L, 228235922L, -1280074400L, 1073629516L, 1932515296L, 
391583138L, -1085538904L, 1260349068L, 120470972L, 695201394L, 
85982192L, 763246148L, 1839233112L, 489314362L, -283318160L, 
506968124L, 573323540L, 2134409922L, 1862766304L, 1353410684L, 
-1938796848L, -578217566L, 409038888L, -566797556L, 1589825980L, 
2122076978L, -1814750528L, 677585972L, -518973752L, 952202426L, 
-1943734640L, -1482936596L, 2030430804L, -211516782L, -327843552L, 
-1152161332L, 262193888L, 683645122L, -18369496L, 1305704364L, 
-1679293764L, 1327205362L, -518050256L, -159651932L, -1389515336L, 
-595302566L, 1140240528L, -1031969924L, 1797591316L, 2113751362L, 
2080008448L, 1848905148L, 247728464L, -1938740958L, -1438039480L, 
-2096863220L, 2145142364L, -766072366L, 1061686784L, 119463252L, 
-1099690776L, 483068154L, 555458256L, 1185565484L, -1438308108L, 
-245980782L, -691747488L, 1233187852L, -1212658464L, 2022003298L, 
688612520L, 1204175948L, -1174282372L, 932641074L, 2124735088L, 
907440964L, -1776567336L, -205509766L, 1687877680L, 2099986364L, 
1237346900L, -305418174L, -2111748448L, -853376324L, 828752848L, 
-75393694L, 1815592680L, -20538164L, 1569610236L, -815718926L, 
1140432000L, -1721746956L, -869711224L, 1303608122L, -1376426672L, 
-707771284L, 2070810004L, 1405282386L, -1440956960L, 1297528012L, 
2142772896L, 1742279042L, -917774104L, -2115974420L, -2122261188L, 
-1683715982L, -1552326032L, 1397037604L, 617687096L, -146851558L, 
142386384L, -340846276L, -1601006700L, -1587554430L, 1378159552L, 
704714300L, 2013348240L, -822941662L, 880921864L, -875272052L, 
-1078702308L, 1152171154L, 759025024L, -437735404L, -1289476312L, 
-2136136134L, 1931069904L, 301875564L, 1513208756L, -1806642670L, 
-226256928L, 396065228L, 1004001504L, -746703838L, 521354024L, 
-1514952180L, -1151683780L, 822691826L, 1037632240L, -1999631804L, 
-677808552L, 1848907578L, 398645232L, 870558396L, 957990164L, 
664661186L, -1654723488L, 1647525244L, 1028947920L, -829814494L, 
2116161192L, 1634008972L, 315450556L, 1428656946L, 1360934464L, 
1841820852L, 288246856L, 1518652858L, 1336400400L, -1145762580L, 
-2054762156L, 1239464722L, 2104919456L, -2139958580L, -1657091488L, 
1656039362L, 301556520L, -889839188L, 1219507516L, -1906523278L, 
143975728L, 1780850468L, 340387128L, -1286527270L, -1837107312L, 
-363314436L, -1643488364L, -963075006L, 465644800L, -1204600772L, 
774868304L, 1920349346L, -1995818168L, 1849470732L, 1448840924L, 
-133983775L, 1526914854L, -170718684L, 360950997L, 483449983L, 
-716730088L, 1574420534L, 2050021059L, 2001705733L, 216628898L, 
-86700912L, 638196793L, -1344080661L, 1920591324L, 927960074L, 
2067360511L, -1806597303L, -2146371362L, -191830388L, 890524253L, 
685633639L, 508915088L, 1656282542L, 1726433371L, -297828291L, 
108549802L, 1097823048L, -1555826831L, -1252237085L, 842332132L, 
1514303250L, 685355751L, -1629293391L, -701376778L, 412074260L, 
-584747483L, -2115286225L, 603241704L, 1635687878L, 769666163L, 
1413818069L, 121003186L, 703729792L, -705037207L, -1058191141L, 
-1351590868L, 802366522L, -862653713L, -661525127L, -547569138L, 
246133724L, -2031436723L, 1109094327L, -1710239424L, 366835742L, 
-784322837L, -2060894611L, -1742215462L, 2070222488L, -2136924927L, 
532947635L, -513282604L, -1656935198L, 799507831L, 1907965121L, 
205094982L, 1307766660L, -394901195L, -2122492129L, -68011400L, 
-661594282L, -872366621L, -1825811547L, 1360028226L, 1942257712L, 
868316249L, -837735989L, 843180604L, 1667441770L, -2086029665L, 
-235685079L, -1307584578L, -158243156L, -297088003L, -2096118969L, 
1046963248L, -901855922L, 1784241531L, 1929054941L, 1874119434L, 
1320143400L, -595959151L, 185672323L, -1644649596L, 490867122L, 
1682290439L, -2134403759L, 913005782L, 1799502260L, 67972549L, 
1264581903L, -8254584L, -1384951130L, -12729773L, 91032501L, 
-766363374L, -858379552L, 884588361L, -1046097541L, -363512756L, 
-1398702630L, -1972650033L, 1587626393L, -2103791186L, -2042835268L, 
-2045526227L, 458374359L, -507837152L, -1165454722L, 1045650507L, 
1431195213L, -818613126L, 669463736L, 545783393L, -1190214637L, 
1162605108L, 1392981058L, 636324951L, 504416161L, 63174758L, 
987545700L, 1591745429L, 146713791L, 1440439384L, -731576202L, 
-1956693885L, -202573627L, 163591650L, 748387408L, -1830988423L, 
-298014037L, -1837993444L, 370199882L, -1139854017L, -412896375L, 
219138974L, -1044624820L, 1493814301L, -1518664281L, -582502192L, 
